107
100 100000000 1 0 0
100 99999999 5 0 0
100 99999998 10 0 0
100 99999997 20 0 0
100 99999996 30 0 0
100 99999995 60 0 0
100 99999994 2 0 0
28 99999942 247 30 0
49 99999922 130 0 0
45 99999935 323 30 0
42 99999997 132 0 0
45 99999988 7 30 0
14 99999943 303 30 0
54 99999922 40 30 0
52 99999974 296 30 0
15 99999967 32 30 0
34 99999979 19 30 0
48 99999964 127 0 0
33 99999909 245 30 0
6 99999947 114 30 0
23 99999910 268 0 0
35 99999997 84 0 0
54 99999976 322 0 0
32 99999992 161 30 0
53 99999919 348 30 0
20 99999986 115 30 0
30 99999931 23 0 0
34 99999999 195 0 0
10 99999996 317 30 0
43 99999977 171 0 0
7 99999934 185 0 0
43 99999956 196 30 0
26 99999972 21 30 0
32 99999903 137 0 0
14 99999969 174 0 0
40 99999902 185 30 0
23 99999988 142 30 0
49 99999992 180 30 0
18 99999970 115 0 0
47 99999935 46 0 0
22 99999979 202 0 0
26 99999999 135 0 0
43 99999943 350 30 0
45 99999921 136 0 0
27 99999902 215 0 0
9 99999977 15 30 0
10 99999974 169 0 0
18 99999930 243 0 0
25 99999956 198 0 0
31 99999906 286 0 0
49 99999910 43 0 0
28 99999953 350 30 0
27 99999961 265 30 0
51 99999915 47 30 0
49 99999932 103 0 0
30 99999966 55 30 0
34 99999948 322 30 0
23 99999904 84 30 0
46 99999967 132 30 0
8 99999953 149 30 0
17 99999989 305 0 0
16 99999975 288 30 0
50 99999924 175 0 0
29 99999969 327 30 0
27 99999940 156 30 0
10 99999911 14 0 0
48 99999931 127 30 0
10 99999994 320 30 0
31 99999992 243 0 0
49 99999962 9 30 0
6 99999951 168 30 0
36 99999986 243 30 0
14 99999920 59 30 0
9 99999940 169 30 0
22 99999975 177 30 0
19 99999903 80 0 0
5 99999950 48 0 0
9 99999903 16 0 0
53 99999935 104 30 0
14 99999971 338 30 0
52 99999993 273 30 0
10 99999924 173 0 0
35 99999934 53 0 0
25 99999915 240 0 0
10 99999967 16 0 0
33 99999934 317 0 0
33 99999986 77 30 0
38 99999909 339 30 0
38 99999903 40 0 0
44 99999927 351 0 0
13 100000000 117 0 0
20 99999953 334 0 0
10 99999954 200 0 0
5 99999974 187 0 0
18 99999986 235 30 0
9 99999982 233 0 0
34 99999985 237 30 0
22 99999957 203 0 0
52 99999931 259 30 0
28 99999997 195 30 0
13 99999941 108 30 0
29 99999968 126 0 0
52 99999980 333 30 0
35 99999997 30 30 0
38 99999942 140 0 0
5 99999966 203 0 0
37 99999926 140 30 0
