(10) (11) (12) (13) (14) 
(11) (20) (16) (17) (16) 
(12) (10) (18) (21) (24) 
(14) (10) (14) (14) (22) 
(16) (18) (20) (20) (25) 
(25) (24) (22) (10) (25) 
(26) (27) (28) (21) (25) 

X10X (11) (12) (13) (14) 
(11) (20) (16) (17) (16) 
(12) (10) (18) (21) (24) 
(14) (10) (14) (14) (22) 
(16) (18) (20) (20) (25) 
(25) (24) (22) (10) (25) 
(26) (27) (28) (21) (25) 
Q: 1 (1,1)[10] -> (1,2)[11]
Q: 1 (1,1)[10] -> (2,1)[11]

start = 11 (1,2)
1 (1,1) -> (1,2)
newPoint = 12 (1,3)
heightDiff = 1
Q: 1 (1,1)[10] -> (1,2)[11]
Q: 1 (1,1)[10] -> (2,1)[11]
Q: 1 (1,2)[11] -> (1,3)[12]

newPoint = 20 (2,2)
heightDiff = 9
Q: 1 (1,1)[10] -> (1,2)[11]
Q: 1 (1,1)[10] -> (2,1)[11]
Q: 1 (1,2)[11] -> (1,3)[12]
Q: 9 (1,2)[11] -> (2,2)[20]

X10X X11X (12) (13) (14) 
(11) (20) (16) (17) (16) 
(12) (10) (18) (21) (24) 
(14) (10) (14) (14) (22) 
(16) (18) (20) (20) (25) 
(25) (24) (22) (10) (25) 
(26) (27) (28) (21) (25) 
Q: 1 (1,1)[10] -> (2,1)[11]
Q: 1 (1,2)[11] -> (1,3)[12]
Q: 9 (1,2)[11] -> (2,2)[20]

start = 11 (2,1)
1 (1,1) -> (2,1)
newPoint = 20 (2,2)
heightDiff = 9
Q: 1 (1,1)[10] -> (2,1)[11]
Q: 1 (1,2)[11] -> (1,3)[12]
Q: 9 (1,2)[11] -> (2,2)[20]
Q: 9 (2,1)[11] -> (2,2)[20]

newPoint = 12 (3,1)
heightDiff = 1
Q: 1 (1,1)[10] -> (2,1)[11]
Q: 1 (2,1)[11] -> (3,1)[12]
Q: 1 (1,2)[11] -> (1,3)[12]
Q: 9 (2,1)[11] -> (2,2)[20]
Q: 9 (1,2)[11] -> (2,2)[20]

X10X X11X (12) (13) (14) 
X11X (20) (16) (17) (16) 
(12) (10) (18) (21) (24) 
(14) (10) (14) (14) (22) 
(16) (18) (20) (20) (25) 
(25) (24) (22) (10) (25) 
(26) (27) (28) (21) (25) 
Q: 1 (2,1)[11] -> (3,1)[12]
Q: 1 (1,2)[11] -> (1,3)[12]
Q: 9 (2,1)[11] -> (2,2)[20]
Q: 9 (1,2)[11] -> (2,2)[20]

start = 12 (3,1)
1 (2,1) -> (3,1)
newPoint = 10 (3,2)
heightDiff = -2
Q: -2 (3,1)[12] -> (3,2)[10]
Q: 1 (2,1)[11] -> (3,1)[12]
Q: 1 (1,2)[11] -> (1,3)[12]
Q: 9 (1,2)[11] -> (2,2)[20]
Q: 9 (2,1)[11] -> (2,2)[20]

newPoint = 14 (4,1)
heightDiff = 2
Q: -2 (3,1)[12] -> (3,2)[10]
Q: 1 (2,1)[11] -> (3,1)[12]
Q: 1 (1,2)[11] -> (1,3)[12]
Q: 2 (3,1)[12] -> (4,1)[14]
Q: 9 (1,2)[11] -> (2,2)[20]
Q: 9 (2,1)[11] -> (2,2)[20]

X10X X11X (12) (13) (14) 
X11X (20) (16) (17) (16) 
X12X (10) (18) (21) (24) 
(14) (10) (14) (14) (22) 
(16) (18) (20) (20) (25) 
(25) (24) (22) (10) (25) 
(26) (27) (28) (21) (25) 
Q: 1 (2,1)[11] -> (3,1)[12]
Q: 1 (1,2)[11] -> (1,3)[12]
Q: 2 (3,1)[12] -> (4,1)[14]
Q: 9 (1,2)[11] -> (2,2)[20]
Q: 9 (2,1)[11] -> (2,2)[20]

start = 12 (1,3)
1 (1,2) -> (1,3)
newPoint = 13 (1,4)
heightDiff = 1
Q: 1 (1,2)[11] -> (1,3)[12]
Q: 1 (1,3)[12] -> (1,4)[13]
Q: 2 (3,1)[12] -> (4,1)[14]
Q: 9 (1,2)[11] -> (2,2)[20]
Q: 9 (2,1)[11] -> (2,2)[20]

newPoint = 16 (2,3)
heightDiff = 4
Q: 1 (1,2)[11] -> (1,3)[12]
Q: 1 (1,3)[12] -> (1,4)[13]
Q: 2 (3,1)[12] -> (4,1)[14]
Q: 4 (1,3)[12] -> (2,3)[16]
Q: 9 (1,2)[11] -> (2,2)[20]
Q: 9 (2,1)[11] -> (2,2)[20]

X10X X11X X12X (13) (14) 
X11X (20) (16) (17) (16) 
X12X (10) (18) (21) (24) 
(14) (10) (14) (14) (22) 
(16) (18) (20) (20) (25) 
(25) (24) (22) (10) (25) 
(26) (27) (28) (21) (25) 
Q: 1 (1,3)[12] -> (1,4)[13]
Q: 2 (3,1)[12] -> (4,1)[14]
Q: 4 (1,3)[12] -> (2,3)[16]
Q: 9 (1,2)[11] -> (2,2)[20]
Q: 9 (2,1)[11] -> (2,2)[20]

start = 13 (1,4)
1 (1,3) -> (1,4)
newPoint = 14 (1,5)
heightDiff = 1
Q: 1 (1,3)[12] -> (1,4)[13]
Q: 1 (1,4)[13] -> (1,5)[14]
Q: 2 (3,1)[12] -> (4,1)[14]
Q: 4 (1,3)[12] -> (2,3)[16]
Q: 9 (1,2)[11] -> (2,2)[20]
Q: 9 (2,1)[11] -> (2,2)[20]

newPoint = 17 (2,4)
heightDiff = 4
Q: 1 (1,3)[12] -> (1,4)[13]
Q: 1 (1,4)[13] -> (1,5)[14]
Q: 2 (3,1)[12] -> (4,1)[14]
Q: 4 (1,4)[13] -> (2,4)[17]
Q: 4 (1,3)[12] -> (2,3)[16]
Q: 9 (1,2)[11] -> (2,2)[20]
Q: 9 (2,1)[11] -> (2,2)[20]

X10X X11X X12X X13X (14) 
X11X (20) (16) (17) (16) 
X12X (10) (18) (21) (24) 
(14) (10) (14) (14) (22) 
(16) (18) (20) (20) (25) 
(25) (24) (22) (10) (25) 
(26) (27) (28) (21) (25) 
Q: 1 (1,4)[13] -> (1,5)[14]
Q: 2 (3,1)[12] -> (4,1)[14]
Q: 4 (1,4)[13] -> (2,4)[17]
Q: 4 (1,3)[12] -> (2,3)[16]
Q: 9 (1,2)[11] -> (2,2)[20]
Q: 9 (2,1)[11] -> (2,2)[20]

start = 14 (1,5)
1 (1,4) -> (1,5)
newPoint = 16 (2,5)
heightDiff = 2
Q: 1 (1,4)[13] -> (1,5)[14]
Q: 2 (3,1)[12] -> (4,1)[14]
Q: 2 (1,5)[14] -> (2,5)[16]
Q: 4 (1,3)[12] -> (2,3)[16]
Q: 4 (1,4)[13] -> (2,4)[17]
Q: 9 (1,2)[11] -> (2,2)[20]
Q: 9 (2,1)[11] -> (2,2)[20]

X10X X11X X12X X13X X14X 
X11X (20) (16) (17) (16) 
X12X (10) (18) (21) (24) 
(14) (10) (14) (14) (22) 
(16) (18) (20) (20) (25) 
(25) (24) (22) (10) (25) 
(26) (27) (28) (21) (25) 
Q: 2 (3,1)[12] -> (4,1)[14]
Q: 2 (1,5)[14] -> (2,5)[16]
Q: 4 (1,3)[12] -> (2,3)[16]
Q: 4 (1,4)[13] -> (2,4)[17]
Q: 9 (1,2)[11] -> (2,2)[20]
Q: 9 (2,1)[11] -> (2,2)[20]

start = 14 (4,1)
2 (3,1) -> (4,1)
newPoint = 10 (4,2)
heightDiff = -4
Q: -4 (4,1)[14] -> (4,2)[10]
Q: 2 (3,1)[12] -> (4,1)[14]
Q: 2 (1,5)[14] -> (2,5)[16]
Q: 4 (1,3)[12] -> (2,3)[16]
Q: 4 (1,4)[13] -> (2,4)[17]
Q: 9 (1,2)[11] -> (2,2)[20]
Q: 9 (2,1)[11] -> (2,2)[20]

newPoint = 16 (5,1)
heightDiff = 2
Q: -4 (4,1)[14] -> (4,2)[10]
Q: 2 (4,1)[14] -> (5,1)[16]
Q: 2 (3,1)[12] -> (4,1)[14]
Q: 2 (1,5)[14] -> (2,5)[16]
Q: 4 (1,3)[12] -> (2,3)[16]
Q: 4 (1,4)[13] -> (2,4)[17]
Q: 9 (1,2)[11] -> (2,2)[20]
Q: 9 (2,1)[11] -> (2,2)[20]

X10X X11X X12X X13X X14X 
X11X (20) (16) (17) (16) 
X12X (10) (18) (21) (24) 
X14X (10) (14) (14) (22) 
(16) (18) (20) (20) (25) 
(25) (24) (22) (10) (25) 
(26) (27) (28) (21) (25) 
Q: 2 (4,1)[14] -> (5,1)[16]
Q: 2 (3,1)[12] -> (4,1)[14]
Q: 2 (1,5)[14] -> (2,5)[16]
Q: 4 (1,3)[12] -> (2,3)[16]
Q: 4 (1,4)[13] -> (2,4)[17]
Q: 9 (1,2)[11] -> (2,2)[20]
Q: 9 (2,1)[11] -> (2,2)[20]

start = 16 (5,1)
2 (4,1) -> (5,1)
newPoint = 18 (5,2)
heightDiff = 2
Q: 2 (4,1)[14] -> (5,1)[16]
Q: 2 (5,1)[16] -> (5,2)[18]
Q: 2 (3,1)[12] -> (4,1)[14]
Q: 2 (1,5)[14] -> (2,5)[16]
Q: 4 (1,3)[12] -> (2,3)[16]
Q: 4 (1,4)[13] -> (2,4)[17]
Q: 9 (1,2)[11] -> (2,2)[20]
Q: 9 (2,1)[11] -> (2,2)[20]

newPoint = 25 (6,1)
heightDiff = 9
Q: 2 (4,1)[14] -> (5,1)[16]
Q: 2 (5,1)[16] -> (5,2)[18]
Q: 2 (3,1)[12] -> (4,1)[14]
Q: 2 (1,5)[14] -> (2,5)[16]
Q: 4 (1,3)[12] -> (2,3)[16]
Q: 4 (1,4)[13] -> (2,4)[17]
Q: 9 (1,2)[11] -> (2,2)[20]
Q: 9 (5,1)[16] -> (6,1)[25]
Q: 9 (2,1)[11] -> (2,2)[20]

X10X X11X X12X X13X X14X 
X11X (20) (16) (17) (16) 
X12X (10) (18) (21) (24) 
X14X (10) (14) (14) (22) 
X16X (18) (20) (20) (25) 
(25) (24) (22) (10) (25) 
(26) (27) (28) (21) (25) 
Q: 2 (5,1)[16] -> (5,2)[18]
Q: 2 (3,1)[12] -> (4,1)[14]
Q: 2 (1,5)[14] -> (2,5)[16]
Q: 4 (1,3)[12] -> (2,3)[16]
Q: 4 (1,4)[13] -> (2,4)[17]
Q: 9 (1,2)[11] -> (2,2)[20]
Q: 9 (5,1)[16] -> (6,1)[25]
Q: 9 (2,1)[11] -> (2,2)[20]

start = 18 (5,2)
2 (5,1) -> (5,2)
newPoint = 20 (5,3)
heightDiff = 2
Q: 2 (5,1)[16] -> (5,2)[18]
Q: 2 (5,2)[18] -> (5,3)[20]
Q: 2 (3,1)[12] -> (4,1)[14]
Q: 2 (1,5)[14] -> (2,5)[16]
Q: 4 (1,3)[12] -> (2,3)[16]
Q: 4 (1,4)[13] -> (2,4)[17]
Q: 9 (5,1)[16] -> (6,1)[25]
Q: 9 (1,2)[11] -> (2,2)[20]
Q: 9 (2,1)[11] -> (2,2)[20]

newPoint = 24 (6,2)
heightDiff = 6
Q: 2 (5,1)[16] -> (5,2)[18]
Q: 2 (5,2)[18] -> (5,3)[20]
Q: 2 (3,1)[12] -> (4,1)[14]
Q: 2 (1,5)[14] -> (2,5)[16]
Q: 4 (1,3)[12] -> (2,3)[16]
Q: 4 (1,4)[13] -> (2,4)[17]
Q: 6 (5,2)[18] -> (6,2)[24]
Q: 9 (5,1)[16] -> (6,1)[25]
Q: 9 (1,2)[11] -> (2,2)[20]
Q: 9 (2,1)[11] -> (2,2)[20]

newPoint = 10 (4,2)
heightDiff = -8
Q: -8 (5,2)[18] -> (4,2)[10]
Q: 2 (5,1)[16] -> (5,2)[18]
Q: 2 (5,2)[18] -> (5,3)[20]
Q: 2 (3,1)[12] -> (4,1)[14]
Q: 2 (1,5)[14] -> (2,5)[16]
Q: 4 (1,3)[12] -> (2,3)[16]
Q: 4 (1,4)[13] -> (2,4)[17]
Q: 6 (5,2)[18] -> (6,2)[24]
Q: 9 (5,1)[16] -> (6,1)[25]
Q: 9 (1,2)[11] -> (2,2)[20]
Q: 9 (2,1)[11] -> (2,2)[20]

X10X X11X X12X X13X X14X 
X11X (20) (16) (17) (16) 
X12X (10) (18) (21) (24) 
X14X (10) (14) (14) (22) 
X16X X18X (20) (20) (25) 
(25) (24) (22) (10) (25) 
(26) (27) (28) (21) (25) 
Q: 2 (5,1)[16] -> (5,2)[18]
Q: 2 (5,2)[18] -> (5,3)[20]
Q: 2 (3,1)[12] -> (4,1)[14]
Q: 2 (1,5)[14] -> (2,5)[16]
Q: 4 (1,3)[12] -> (2,3)[16]
Q: 4 (1,4)[13] -> (2,4)[17]
Q: 6 (5,2)[18] -> (6,2)[24]
Q: 9 (5,1)[16] -> (6,1)[25]
Q: 9 (1,2)[11] -> (2,2)[20]
Q: 9 (2,1)[11] -> (2,2)[20]

start = 20 (5,3)
2 (5,2) -> (5,3)
newPoint = 20 (5,4)
heightDiff = 0
Q: 0 (5,3)[20] -> (5,4)[20]
Q: 2 (5,2)[18] -> (5,3)[20]
Q: 2 (3,1)[12] -> (4,1)[14]
Q: 2 (1,5)[14] -> (2,5)[16]
Q: 4 (1,3)[12] -> (2,3)[16]
Q: 4 (1,4)[13] -> (2,4)[17]
Q: 6 (5,2)[18] -> (6,2)[24]
Q: 9 (5,1)[16] -> (6,1)[25]
Q: 9 (1,2)[11] -> (2,2)[20]
Q: 9 (2,1)[11] -> (2,2)[20]

newPoint = 22 (6,3)
heightDiff = 2
Q: 0 (5,3)[20] -> (5,4)[20]
Q: 2 (5,2)[18] -> (5,3)[20]
Q: 2 (5,3)[20] -> (6,3)[22]
Q: 2 (3,1)[12] -> (4,1)[14]
Q: 2 (1,5)[14] -> (2,5)[16]
Q: 4 (1,3)[12] -> (2,3)[16]
Q: 4 (1,4)[13] -> (2,4)[17]
Q: 6 (5,2)[18] -> (6,2)[24]
Q: 9 (5,1)[16] -> (6,1)[25]
Q: 9 (1,2)[11] -> (2,2)[20]
Q: 9 (2,1)[11] -> (2,2)[20]

newPoint = 14 (4,3)
heightDiff = -6
Q: -6 (5,3)[20] -> (4,3)[14]
Q: 0 (5,3)[20] -> (5,4)[20]
Q: 2 (5,2)[18] -> (5,3)[20]
Q: 2 (5,3)[20] -> (6,3)[22]
Q: 2 (3,1)[12] -> (4,1)[14]
Q: 2 (1,5)[14] -> (2,5)[16]
Q: 4 (1,3)[12] -> (2,3)[16]
Q: 4 (1,4)[13] -> (2,4)[17]
Q: 6 (5,2)[18] -> (6,2)[24]
Q: 9 (5,1)[16] -> (6,1)[25]
Q: 9 (1,2)[11] -> (2,2)[20]
Q: 9 (2,1)[11] -> (2,2)[20]

X10X X11X X12X X13X X14X 
X11X (20) (16) (17) (16) 
X12X (10) (18) (21) (24) 
X14X (10) (14) (14) (22) 
X16X X18X X20X (20) (25) 
(25) (24) (22) (10) (25) 
(26) (27) (28) (21) (25) 
Q: 0 (5,3)[20] -> (5,4)[20]
Q: 2 (5,2)[18] -> (5,3)[20]
Q: 2 (5,3)[20] -> (6,3)[22]
Q: 2 (3,1)[12] -> (4,1)[14]
Q: 2 (1,5)[14] -> (2,5)[16]
Q: 4 (1,3)[12] -> (2,3)[16]
Q: 4 (1,4)[13] -> (2,4)[17]
Q: 6 (5,2)[18] -> (6,2)[24]
Q: 9 (5,1)[16] -> (6,1)[25]
Q: 9 (1,2)[11] -> (2,2)[20]
Q: 9 (2,1)[11] -> (2,2)[20]

start = 20 (5,4)
2 (5,3) -> (5,4)
newPoint = 25 (5,5)
heightDiff = 5
Q: 0 (5,3)[20] -> (5,4)[20]
Q: 2 (5,2)[18] -> (5,3)[20]
Q: 2 (5,3)[20] -> (6,3)[22]
Q: 2 (3,1)[12] -> (4,1)[14]
Q: 2 (1,5)[14] -> (2,5)[16]
Q: 4 (1,3)[12] -> (2,3)[16]
Q: 4 (1,4)[13] -> (2,4)[17]
Q: 5 (5,4)[20] -> (5,5)[25]
Q: 6 (5,2)[18] -> (6,2)[24]
Q: 9 (5,1)[16] -> (6,1)[25]
Q: 9 (1,2)[11] -> (2,2)[20]
Q: 9 (2,1)[11] -> (2,2)[20]

newPoint = 10 (6,4)
heightDiff = -10
Q: -10 (5,4)[20] -> (6,4)[10]
Q: 0 (5,3)[20] -> (5,4)[20]
Q: 2 (5,2)[18] -> (5,3)[20]
Q: 2 (5,3)[20] -> (6,3)[22]
Q: 2 (3,1)[12] -> (4,1)[14]
Q: 2 (1,5)[14] -> (2,5)[16]
Q: 4 (1,3)[12] -> (2,3)[16]
Q: 4 (1,4)[13] -> (2,4)[17]
Q: 5 (5,4)[20] -> (5,5)[25]
Q: 6 (5,2)[18] -> (6,2)[24]
Q: 9 (5,1)[16] -> (6,1)[25]
Q: 9 (1,2)[11] -> (2,2)[20]
Q: 9 (2,1)[11] -> (2,2)[20]

newPoint = 14 (4,4)
heightDiff = -6
Q: -10 (5,4)[20] -> (6,4)[10]
Q: -6 (5,4)[20] -> (4,4)[14]
Q: 0 (5,3)[20] -> (5,4)[20]
Q: 2 (5,2)[18] -> (5,3)[20]
Q: 2 (5,3)[20] -> (6,3)[22]
Q: 2 (3,1)[12] -> (4,1)[14]
Q: 2 (1,5)[14] -> (2,5)[16]
Q: 4 (1,3)[12] -> (2,3)[16]
Q: 4 (1,4)[13] -> (2,4)[17]
Q: 5 (5,4)[20] -> (5,5)[25]
Q: 6 (5,2)[18] -> (6,2)[24]
Q: 9 (5,1)[16] -> (6,1)[25]
Q: 9 (1,2)[11] -> (2,2)[20]
Q: 9 (2,1)[11] -> (2,2)[20]

X10X X11X X12X X13X X14X 
X11X (20) (16) (17) (16) 
X12X (10) (18) (21) (24) 
X14X (10) (14) (14) (22) 
X16X X18X X20X X20X (25) 
(25) (24) (22) (10) (25) 
(26) (27) (28) (21) (25) 
Q: -6 (5,4)[20] -> (4,4)[14]
Q: 0 (5,3)[20] -> (5,4)[20]
Q: 2 (5,2)[18] -> (5,3)[20]
Q: 2 (5,3)[20] -> (6,3)[22]
Q: 2 (3,1)[12] -> (4,1)[14]
Q: 2 (1,5)[14] -> (2,5)[16]
Q: 4 (1,3)[12] -> (2,3)[16]
Q: 4 (1,4)[13] -> (2,4)[17]
Q: 5 (5,4)[20] -> (5,5)[25]
Q: 6 (5,2)[18] -> (6,2)[24]
Q: 9 (5,1)[16] -> (6,1)[25]
Q: 9 (1,2)[11] -> (2,2)[20]
Q: 9 (2,1)[11] -> (2,2)[20]

start = 14 (4,4)
2 (5,4) -> (4,4)
newPoint = 22 (4,5)
heightDiff = 8
Q: -6 (5,4)[20] -> (4,4)[14]
Q: 0 (5,3)[20] -> (5,4)[20]
Q: 2 (5,2)[18] -> (5,3)[20]
Q: 2 (5,3)[20] -> (6,3)[22]
Q: 2 (3,1)[12] -> (4,1)[14]
Q: 2 (1,5)[14] -> (2,5)[16]
Q: 4 (1,3)[12] -> (2,3)[16]
Q: 4 (1,4)[13] -> (2,4)[17]
Q: 5 (5,4)[20] -> (5,5)[25]
Q: 6 (5,2)[18] -> (6,2)[24]
Q: 8 (4,4)[14] -> (4,5)[22]
Q: 9 (5,1)[16] -> (6,1)[25]
Q: 9 (1,2)[11] -> (2,2)[20]
Q: 9 (2,1)[11] -> (2,2)[20]

newPoint = 14 (4,3)
heightDiff = 0
Q: -6 (5,4)[20] -> (4,4)[14]
Q: 0 (5,3)[20] -> (5,4)[20]
Q: 0 (4,4)[14] -> (4,3)[14]
Q: 2 (5,2)[18] -> (5,3)[20]
Q: 2 (5,3)[20] -> (6,3)[22]
Q: 2 (3,1)[12] -> (4,1)[14]
Q: 2 (1,5)[14] -> (2,5)[16]
Q: 4 (1,3)[12] -> (2,3)[16]
Q: 4 (1,4)[13] -> (2,4)[17]
Q: 5 (5,4)[20] -> (5,5)[25]
Q: 6 (5,2)[18] -> (6,2)[24]
Q: 8 (4,4)[14] -> (4,5)[22]
Q: 9 (5,1)[16] -> (6,1)[25]
Q: 9 (1,2)[11] -> (2,2)[20]
Q: 9 (2,1)[11] -> (2,2)[20]

newPoint = 21 (3,4)
heightDiff = 7
Q: -6 (5,4)[20] -> (4,4)[14]
Q: 0 (5,3)[20] -> (5,4)[20]
Q: 0 (4,4)[14] -> (4,3)[14]
Q: 2 (5,2)[18] -> (5,3)[20]
Q: 2 (5,3)[20] -> (6,3)[22]
Q: 2 (3,1)[12] -> (4,1)[14]
Q: 2 (1,5)[14] -> (2,5)[16]
Q: 4 (1,3)[12] -> (2,3)[16]
Q: 4 (1,4)[13] -> (2,4)[17]
Q: 5 (5,4)[20] -> (5,5)[25]
Q: 6 (5,2)[18] -> (6,2)[24]
Q: 7 (4,4)[14] -> (3,4)[21]
Q: 8 (4,4)[14] -> (4,5)[22]
Q: 9 (1,2)[11] -> (2,2)[20]
Q: 9 (5,1)[16] -> (6,1)[25]
Q: 9 (2,1)[11] -> (2,2)[20]

X10X X11X X12X X13X X14X 
X11X (20) (16) (17) (16) 
X12X (10) (18) (21) (24) 
X14X (10) (14) X14X (22) 
X16X X18X X20X X20X (25) 
(25) (24) (22) (10) (25) 
(26) (27) (28) (21) (25) 
Q: 0 (5,3)[20] -> (5,4)[20]
Q: 0 (4,4)[14] -> (4,3)[14]
Q: 2 (5,2)[18] -> (5,3)[20]
Q: 2 (5,3)[20] -> (6,3)[22]
Q: 2 (3,1)[12] -> (4,1)[14]
Q: 2 (1,5)[14] -> (2,5)[16]
Q: 4 (1,3)[12] -> (2,3)[16]
Q: 4 (1,4)[13] -> (2,4)[17]
Q: 5 (5,4)[20] -> (5,5)[25]
Q: 6 (5,2)[18] -> (6,2)[24]
Q: 7 (4,4)[14] -> (3,4)[21]
Q: 8 (4,4)[14] -> (4,5)[22]
Q: 9 (1,2)[11] -> (2,2)[20]
Q: 9 (5,1)[16] -> (6,1)[25]
Q: 9 (2,1)[11] -> (2,2)[20]

start = 14 (4,3)
2 (4,4) -> (4,3)
newPoint = 10 (4,2)
heightDiff = -4
Q: -4 (4,3)[14] -> (4,2)[10]
Q: 0 (4,4)[14] -> (4,3)[14]
Q: 2 (5,2)[18] -> (5,3)[20]
Q: 2 (5,3)[20] -> (6,3)[22]
Q: 2 (3,1)[12] -> (4,1)[14]
Q: 2 (1,5)[14] -> (2,5)[16]
Q: 4 (1,3)[12] -> (2,3)[16]
Q: 4 (1,4)[13] -> (2,4)[17]
Q: 5 (5,4)[20] -> (5,5)[25]
Q: 6 (5,2)[18] -> (6,2)[24]
Q: 7 (4,4)[14] -> (3,4)[21]
Q: 8 (4,4)[14] -> (4,5)[22]
Q: 9 (1,2)[11] -> (2,2)[20]
Q: 9 (5,1)[16] -> (6,1)[25]
Q: 9 (2,1)[11] -> (2,2)[20]

newPoint = 18 (3,3)
heightDiff = 4
Q: -4 (4,3)[14] -> (4,2)[10]
Q: 0 (4,4)[14] -> (4,3)[14]
Q: 2 (5,2)[18] -> (5,3)[20]
Q: 2 (5,3)[20] -> (6,3)[22]
Q: 2 (3,1)[12] -> (4,1)[14]
Q: 2 (1,5)[14] -> (2,5)[16]
Q: 4 (4,3)[14] -> (3,3)[18]
Q: 4 (1,3)[12] -> (2,3)[16]
Q: 4 (1,4)[13] -> (2,4)[17]
Q: 5 (5,4)[20] -> (5,5)[25]
Q: 6 (5,2)[18] -> (6,2)[24]
Q: 7 (4,4)[14] -> (3,4)[21]
Q: 8 (4,4)[14] -> (4,5)[22]
Q: 9 (2,1)[11] -> (2,2)[20]
Q: 9 (1,2)[11] -> (2,2)[20]
Q: 9 (5,1)[16] -> (6,1)[25]

X10X X11X X12X X13X X14X 
X11X (20) (16) (17) (16) 
X12X (10) (18) (21) (24) 
X14X (10) X14X X14X (22) 
X16X X18X X20X X20X (25) 
(25) (24) (22) (10) (25) 
(26) (27) (28) (21) (25) 
Q: 0 (4,4)[14] -> (4,3)[14]
Q: 2 (5,2)[18] -> (5,3)[20]
Q: 2 (5,3)[20] -> (6,3)[22]
Q: 2 (3,1)[12] -> (4,1)[14]
Q: 2 (1,5)[14] -> (2,5)[16]
Q: 4 (4,3)[14] -> (3,3)[18]
Q: 4 (1,3)[12] -> (2,3)[16]
Q: 4 (1,4)[13] -> (2,4)[17]
Q: 5 (5,4)[20] -> (5,5)[25]
Q: 6 (5,2)[18] -> (6,2)[24]
Q: 7 (4,4)[14] -> (3,4)[21]
Q: 8 (4,4)[14] -> (4,5)[22]
Q: 9 (2,1)[11] -> (2,2)[20]
Q: 9 (1,2)[11] -> (2,2)[20]
Q: 9 (5,1)[16] -> (6,1)[25]

start = 22 (6,3)
2 (5,3) -> (6,3)
newPoint = 10 (6,4)
heightDiff = -12
Q: -12 (6,3)[22] -> (6,4)[10]
Q: 2 (5,3)[20] -> (6,3)[22]
Q: 2 (3,1)[12] -> (4,1)[14]
Q: 2 (1,5)[14] -> (2,5)[16]
Q: 4 (4,3)[14] -> (3,3)[18]
Q: 4 (1,3)[12] -> (2,3)[16]
Q: 4 (1,4)[13] -> (2,4)[17]
Q: 5 (5,4)[20] -> (5,5)[25]
Q: 6 (5,2)[18] -> (6,2)[24]
Q: 7 (4,4)[14] -> (3,4)[21]
Q: 8 (4,4)[14] -> (4,5)[22]
Q: 9 (2,1)[11] -> (2,2)[20]
Q: 9 (1,2)[11] -> (2,2)[20]
Q: 9 (5,1)[16] -> (6,1)[25]

newPoint = 24 (6,2)
heightDiff = 2
Q: -12 (6,3)[22] -> (6,4)[10]
Q: 2 (5,3)[20] -> (6,3)[22]
Q: 2 (3,1)[12] -> (4,1)[14]
Q: 2 (1,5)[14] -> (2,5)[16]
Q: 2 (6,3)[22] -> (6,2)[24]
Q: 4 (4,3)[14] -> (3,3)[18]
Q: 4 (1,3)[12] -> (2,3)[16]
Q: 4 (1,4)[13] -> (2,4)[17]
Q: 5 (5,4)[20] -> (5,5)[25]
Q: 6 (5,2)[18] -> (6,2)[24]
Q: 7 (4,4)[14] -> (3,4)[21]
Q: 8 (4,4)[14] -> (4,5)[22]
Q: 9 (2,1)[11] -> (2,2)[20]
Q: 9 (1,2)[11] -> (2,2)[20]
Q: 9 (5,1)[16] -> (6,1)[25]

newPoint = 28 (7,3)
heightDiff = 6
Q: -12 (6,3)[22] -> (6,4)[10]
Q: 2 (5,3)[20] -> (6,3)[22]
Q: 2 (3,1)[12] -> (4,1)[14]
Q: 2 (1,5)[14] -> (2,5)[16]
Q: 2 (6,3)[22] -> (6,2)[24]
Q: 4 (4,3)[14] -> (3,3)[18]
Q: 4 (1,3)[12] -> (2,3)[16]
Q: 4 (1,4)[13] -> (2,4)[17]
Q: 5 (5,4)[20] -> (5,5)[25]
Q: 6 (6,3)[22] -> (7,3)[28]
Q: 6 (5,2)[18] -> (6,2)[24]
Q: 7 (4,4)[14] -> (3,4)[21]
Q: 8 (4,4)[14] -> (4,5)[22]
Q: 9 (1,2)[11] -> (2,2)[20]
Q: 9 (2,1)[11] -> (2,2)[20]
Q: 9 (5,1)[16] -> (6,1)[25]

X10X X11X X12X X13X X14X 
X11X (20) (16) (17) (16) 
X12X (10) (18) (21) (24) 
X14X (10) X14X X14X (22) 
X16X X18X X20X X20X (25) 
(25) (24) X22X (10) (25) 
(26) (27) (28) (21) (25) 
Q: 2 (5,3)[20] -> (6,3)[22]
Q: 2 (3,1)[12] -> (4,1)[14]
Q: 2 (1,5)[14] -> (2,5)[16]
Q: 2 (6,3)[22] -> (6,2)[24]
Q: 4 (4,3)[14] -> (3,3)[18]
Q: 4 (1,3)[12] -> (2,3)[16]
Q: 4 (1,4)[13] -> (2,4)[17]
Q: 5 (5,4)[20] -> (5,5)[25]
Q: 6 (6,3)[22] -> (7,3)[28]
Q: 6 (5,2)[18] -> (6,2)[24]
Q: 7 (4,4)[14] -> (3,4)[21]
Q: 8 (4,4)[14] -> (4,5)[22]
Q: 9 (1,2)[11] -> (2,2)[20]
Q: 9 (2,1)[11] -> (2,2)[20]
Q: 9 (5,1)[16] -> (6,1)[25]

start = 16 (2,5)
2 (1,5) -> (2,5)
newPoint = 17 (2,4)
heightDiff = 1
Q: 1 (2,5)[16] -> (2,4)[17]
Q: 2 (1,5)[14] -> (2,5)[16]
Q: 2 (6,3)[22] -> (6,2)[24]
Q: 4 (4,3)[14] -> (3,3)[18]
Q: 4 (1,3)[12] -> (2,3)[16]
Q: 4 (1,4)[13] -> (2,4)[17]
Q: 5 (5,4)[20] -> (5,5)[25]
Q: 6 (6,3)[22] -> (7,3)[28]
Q: 6 (5,2)[18] -> (6,2)[24]
Q: 7 (4,4)[14] -> (3,4)[21]
Q: 8 (4,4)[14] -> (4,5)[22]
Q: 9 (1,2)[11] -> (2,2)[20]
Q: 9 (2,1)[11] -> (2,2)[20]
Q: 9 (5,1)[16] -> (6,1)[25]

newPoint = 24 (3,5)
heightDiff = 8
Q: 1 (2,5)[16] -> (2,4)[17]
Q: 2 (1,5)[14] -> (2,5)[16]
Q: 2 (6,3)[22] -> (6,2)[24]
Q: 4 (4,3)[14] -> (3,3)[18]
Q: 4 (1,3)[12] -> (2,3)[16]
Q: 4 (1,4)[13] -> (2,4)[17]
Q: 5 (5,4)[20] -> (5,5)[25]
Q: 6 (6,3)[22] -> (7,3)[28]
Q: 6 (5,2)[18] -> (6,2)[24]
Q: 7 (4,4)[14] -> (3,4)[21]
Q: 8 (2,5)[16] -> (3,5)[24]
Q: 8 (4,4)[14] -> (4,5)[22]
Q: 9 (2,1)[11] -> (2,2)[20]
Q: 9 (5,1)[16] -> (6,1)[25]
Q: 9 (1,2)[11] -> (2,2)[20]

X10X X11X X12X X13X X14X 
X11X (20) (16) (17) X16X 
X12X (10) (18) (21) (24) 
X14X (10) X14X X14X (22) 
X16X X18X X20X X20X (25) 
(25) (24) X22X (10) (25) 
(26) (27) (28) (21) (25) 
Q: 2 (1,5)[14] -> (2,5)[16]
Q: 2 (6,3)[22] -> (6,2)[24]
Q: 4 (4,3)[14] -> (3,3)[18]
Q: 4 (1,3)[12] -> (2,3)[16]
Q: 4 (1,4)[13] -> (2,4)[17]
Q: 5 (5,4)[20] -> (5,5)[25]
Q: 6 (6,3)[22] -> (7,3)[28]
Q: 6 (5,2)[18] -> (6,2)[24]
Q: 7 (4,4)[14] -> (3,4)[21]
Q: 8 (2,5)[16] -> (3,5)[24]
Q: 8 (4,4)[14] -> (4,5)[22]
Q: 9 (2,1)[11] -> (2,2)[20]
Q: 9 (5,1)[16] -> (6,1)[25]
Q: 9 (1,2)[11] -> (2,2)[20]

start = 24 (6,2)
2 (6,3) -> (6,2)
newPoint = 25 (6,1)
heightDiff = 1
Q: 1 (6,2)[24] -> (6,1)[25]
Q: 2 (6,3)[22] -> (6,2)[24]
Q: 4 (4,3)[14] -> (3,3)[18]
Q: 4 (1,3)[12] -> (2,3)[16]
Q: 4 (1,4)[13] -> (2,4)[17]
Q: 5 (5,4)[20] -> (5,5)[25]
Q: 6 (6,3)[22] -> (7,3)[28]
Q: 6 (5,2)[18] -> (6,2)[24]
Q: 7 (4,4)[14] -> (3,4)[21]
Q: 8 (2,5)[16] -> (3,5)[24]
Q: 8 (4,4)[14] -> (4,5)[22]
Q: 9 (2,1)[11] -> (2,2)[20]
Q: 9 (5,1)[16] -> (6,1)[25]
Q: 9 (1,2)[11] -> (2,2)[20]

newPoint = 27 (7,2)
heightDiff = 3
Q: 1 (6,2)[24] -> (6,1)[25]
Q: 2 (6,3)[22] -> (6,2)[24]
Q: 3 (6,2)[24] -> (7,2)[27]
Q: 4 (4,3)[14] -> (3,3)[18]
Q: 4 (1,3)[12] -> (2,3)[16]
Q: 4 (1,4)[13] -> (2,4)[17]
Q: 5 (5,4)[20] -> (5,5)[25]
Q: 6 (6,3)[22] -> (7,3)[28]
Q: 6 (5,2)[18] -> (6,2)[24]
Q: 7 (4,4)[14] -> (3,4)[21]
Q: 8 (2,5)[16] -> (3,5)[24]
Q: 8 (4,4)[14] -> (4,5)[22]
Q: 9 (2,1)[11] -> (2,2)[20]
Q: 9 (5,1)[16] -> (6,1)[25]
Q: 9 (1,2)[11] -> (2,2)[20]

X10X X11X X12X X13X X14X 
X11X (20) (16) (17) X16X 
X12X (10) (18) (21) (24) 
X14X (10) X14X X14X (22) 
X16X X18X X20X X20X (25) 
(25) X24X X22X (10) (25) 
(26) (27) (28) (21) (25) 
Q: 2 (6,3)[22] -> (6,2)[24]
Q: 3 (6,2)[24] -> (7,2)[27]
Q: 4 (4,3)[14] -> (3,3)[18]
Q: 4 (1,3)[12] -> (2,3)[16]
Q: 4 (1,4)[13] -> (2,4)[17]
Q: 5 (5,4)[20] -> (5,5)[25]
Q: 6 (6,3)[22] -> (7,3)[28]
Q: 6 (5,2)[18] -> (6,2)[24]
Q: 7 (4,4)[14] -> (3,4)[21]
Q: 8 (2,5)[16] -> (3,5)[24]
Q: 8 (4,4)[14] -> (4,5)[22]
Q: 9 (2,1)[11] -> (2,2)[20]
Q: 9 (5,1)[16] -> (6,1)[25]
Q: 9 (1,2)[11] -> (2,2)[20]

start = 27 (7,2)
3 (6,2) -> (7,2)
newPoint = 28 (7,3)
heightDiff = 1
Q: 1 (7,2)[27] -> (7,3)[28]
Q: 3 (6,2)[24] -> (7,2)[27]
Q: 4 (4,3)[14] -> (3,3)[18]
Q: 4 (1,3)[12] -> (2,3)[16]
Q: 4 (1,4)[13] -> (2,4)[17]
Q: 5 (5,4)[20] -> (5,5)[25]
Q: 6 (6,3)[22] -> (7,3)[28]
Q: 6 (5,2)[18] -> (6,2)[24]
Q: 7 (4,4)[14] -> (3,4)[21]
Q: 8 (2,5)[16] -> (3,5)[24]
Q: 8 (4,4)[14] -> (4,5)[22]
Q: 9 (2,1)[11] -> (2,2)[20]
Q: 9 (5,1)[16] -> (6,1)[25]
Q: 9 (1,2)[11] -> (2,2)[20]

newPoint = 26 (7,1)
heightDiff = -1
Q: -1 (7,2)[27] -> (7,1)[26]
Q: 1 (7,2)[27] -> (7,3)[28]
Q: 3 (6,2)[24] -> (7,2)[27]
Q: 4 (4,3)[14] -> (3,3)[18]
Q: 4 (1,3)[12] -> (2,3)[16]
Q: 4 (1,4)[13] -> (2,4)[17]
Q: 5 (5,4)[20] -> (5,5)[25]
Q: 6 (6,3)[22] -> (7,3)[28]
Q: 6 (5,2)[18] -> (6,2)[24]
Q: 7 (4,4)[14] -> (3,4)[21]
Q: 8 (2,5)[16] -> (3,5)[24]
Q: 8 (4,4)[14] -> (4,5)[22]
Q: 9 (2,1)[11] -> (2,2)[20]
Q: 9 (5,1)[16] -> (6,1)[25]
Q: 9 (1,2)[11] -> (2,2)[20]

X10X X11X X12X X13X X14X 
X11X (20) (16) (17) X16X 
X12X (10) (18) (21) (24) 
X14X (10) X14X X14X (22) 
X16X X18X X20X X20X (25) 
(25) X24X X22X (10) (25) 
(26) X27X (28) (21) (25) 
Q: 1 (7,2)[27] -> (7,3)[28]
Q: 3 (6,2)[24] -> (7,2)[27]
Q: 4 (4,3)[14] -> (3,3)[18]
Q: 4 (1,3)[12] -> (2,3)[16]
Q: 4 (1,4)[13] -> (2,4)[17]
Q: 5 (5,4)[20] -> (5,5)[25]
Q: 6 (6,3)[22] -> (7,3)[28]
Q: 6 (5,2)[18] -> (6,2)[24]
Q: 7 (4,4)[14] -> (3,4)[21]
Q: 8 (2,5)[16] -> (3,5)[24]
Q: 8 (4,4)[14] -> (4,5)[22]
Q: 9 (2,1)[11] -> (2,2)[20]
Q: 9 (5,1)[16] -> (6,1)[25]
Q: 9 (1,2)[11] -> (2,2)[20]

start = 28 (7,3)
3 (7,2) -> (7,3)
newPoint = 21 (7,4)
heightDiff = -7
Q: -7 (7,3)[28] -> (7,4)[21]
Q: 1 (7,2)[27] -> (7,3)[28]
Q: 3 (6,2)[24] -> (7,2)[27]
Q: 4 (4,3)[14] -> (3,3)[18]
Q: 4 (1,3)[12] -> (2,3)[16]
Q: 4 (1,4)[13] -> (2,4)[17]
Q: 5 (5,4)[20] -> (5,5)[25]
Q: 6 (6,3)[22] -> (7,3)[28]
Q: 6 (5,2)[18] -> (6,2)[24]
Q: 7 (4,4)[14] -> (3,4)[21]
Q: 8 (2,5)[16] -> (3,5)[24]
Q: 8 (4,4)[14] -> (4,5)[22]
Q: 9 (2,1)[11] -> (2,2)[20]
Q: 9 (5,1)[16] -> (6,1)[25]
Q: 9 (1,2)[11] -> (2,2)[20]

X10X X11X X12X X13X X14X 
X11X (20) (16) (17) X16X 
X12X (10) (18) (21) (24) 
X14X (10) X14X X14X (22) 
X16X X18X X20X X20X (25) 
(25) X24X X22X (10) (25) 
(26) X27X X28X (21) (25) 
Q: 1 (7,2)[27] -> (7,3)[28]
Q: 3 (6,2)[24] -> (7,2)[27]
Q: 4 (4,3)[14] -> (3,3)[18]
Q: 4 (1,3)[12] -> (2,3)[16]
Q: 4 (1,4)[13] -> (2,4)[17]
Q: 5 (5,4)[20] -> (5,5)[25]
Q: 6 (6,3)[22] -> (7,3)[28]
Q: 6 (5,2)[18] -> (6,2)[24]
Q: 7 (4,4)[14] -> (3,4)[21]
Q: 8 (2,5)[16] -> (3,5)[24]
Q: 8 (4,4)[14] -> (4,5)[22]
Q: 9 (2,1)[11] -> (2,2)[20]
Q: 9 (5,1)[16] -> (6,1)[25]
Q: 9 (1,2)[11] -> (2,2)[20]

start = 18 (3,3)
4 (4,3) -> (3,3)
newPoint = 21 (3,4)
heightDiff = 3
Q: 3 (3,3)[18] -> (3,4)[21]
Q: 4 (1,3)[12] -> (2,3)[16]
Q: 4 (4,3)[14] -> (3,3)[18]
Q: 4 (1,4)[13] -> (2,4)[17]
Q: 5 (5,4)[20] -> (5,5)[25]
Q: 6 (6,3)[22] -> (7,3)[28]
Q: 6 (5,2)[18] -> (6,2)[24]
Q: 7 (4,4)[14] -> (3,4)[21]
Q: 8 (4,4)[14] -> (4,5)[22]
Q: 8 (2,5)[16] -> (3,5)[24]
Q: 9 (2,1)[11] -> (2,2)[20]
Q: 9 (5,1)[16] -> (6,1)[25]
Q: 9 (1,2)[11] -> (2,2)[20]

newPoint = 10 (3,2)
heightDiff = -8
Q: -8 (3,3)[18] -> (3,2)[10]
Q: 3 (3,3)[18] -> (3,4)[21]
Q: 4 (1,3)[12] -> (2,3)[16]
Q: 4 (1,4)[13] -> (2,4)[17]
Q: 4 (4,3)[14] -> (3,3)[18]
Q: 5 (5,4)[20] -> (5,5)[25]
Q: 6 (6,3)[22] -> (7,3)[28]
Q: 6 (5,2)[18] -> (6,2)[24]
Q: 7 (4,4)[14] -> (3,4)[21]
Q: 8 (4,4)[14] -> (4,5)[22]
Q: 8 (2,5)[16] -> (3,5)[24]
Q: 9 (2,1)[11] -> (2,2)[20]
Q: 9 (5,1)[16] -> (6,1)[25]
Q: 9 (1,2)[11] -> (2,2)[20]

newPoint = 16 (2,3)
heightDiff = -2
Q: -8 (3,3)[18] -> (3,2)[10]
Q: -2 (3,3)[18] -> (2,3)[16]
Q: 3 (3,3)[18] -> (3,4)[21]
Q: 4 (1,3)[12] -> (2,3)[16]
Q: 4 (1,4)[13] -> (2,4)[17]
Q: 4 (4,3)[14] -> (3,3)[18]
Q: 5 (5,4)[20] -> (5,5)[25]
Q: 6 (6,3)[22] -> (7,3)[28]
Q: 6 (5,2)[18] -> (6,2)[24]
Q: 7 (4,4)[14] -> (3,4)[21]
Q: 8 (4,4)[14] -> (4,5)[22]
Q: 8 (2,5)[16] -> (3,5)[24]
Q: 9 (2,1)[11] -> (2,2)[20]
Q: 9 (5,1)[16] -> (6,1)[25]
Q: 9 (1,2)[11] -> (2,2)[20]

X10X X11X X12X X13X X14X 
X11X (20) (16) (17) X16X 
X12X (10) X18X (21) (24) 
X14X (10) X14X X14X (22) 
X16X X18X X20X X20X (25) 
(25) X24X X22X (10) (25) 
(26) X27X X28X (21) (25) 
Q: -2 (3,3)[18] -> (2,3)[16]
Q: 3 (3,3)[18] -> (3,4)[21]
Q: 4 (1,3)[12] -> (2,3)[16]
Q: 4 (1,4)[13] -> (2,4)[17]
Q: 4 (4,3)[14] -> (3,3)[18]
Q: 5 (5,4)[20] -> (5,5)[25]
Q: 6 (6,3)[22] -> (7,3)[28]
Q: 6 (5,2)[18] -> (6,2)[24]
Q: 7 (4,4)[14] -> (3,4)[21]
Q: 8 (4,4)[14] -> (4,5)[22]
Q: 8 (2,5)[16] -> (3,5)[24]
Q: 9 (2,1)[11] -> (2,2)[20]
Q: 9 (5,1)[16] -> (6,1)[25]
Q: 9 (1,2)[11] -> (2,2)[20]

start = 16 (2,3)
4 (3,3) -> (2,3)
newPoint = 17 (2,4)
heightDiff = 1
Q: -2 (3,3)[18] -> (2,3)[16]
Q: 1 (2,3)[16] -> (2,4)[17]
Q: 3 (3,3)[18] -> (3,4)[21]
Q: 4 (1,3)[12] -> (2,3)[16]
Q: 4 (1,4)[13] -> (2,4)[17]
Q: 4 (4,3)[14] -> (3,3)[18]
Q: 5 (5,4)[20] -> (5,5)[25]
Q: 6 (6,3)[22] -> (7,3)[28]
Q: 6 (5,2)[18] -> (6,2)[24]
Q: 7 (4,4)[14] -> (3,4)[21]
Q: 8 (4,4)[14] -> (4,5)[22]
Q: 8 (2,5)[16] -> (3,5)[24]
Q: 9 (2,1)[11] -> (2,2)[20]
Q: 9 (5,1)[16] -> (6,1)[25]
Q: 9 (1,2)[11] -> (2,2)[20]

newPoint = 20 (2,2)
heightDiff = 4
Q: -2 (3,3)[18] -> (2,3)[16]
Q: 1 (2,3)[16] -> (2,4)[17]
Q: 3 (3,3)[18] -> (3,4)[21]
Q: 4 (1,3)[12] -> (2,3)[16]
Q: 4 (2,3)[16] -> (2,2)[20]
Q: 4 (1,4)[13] -> (2,4)[17]
Q: 4 (4,3)[14] -> (3,3)[18]
Q: 5 (5,4)[20] -> (5,5)[25]
Q: 6 (6,3)[22] -> (7,3)[28]
Q: 6 (5,2)[18] -> (6,2)[24]
Q: 7 (4,4)[14] -> (3,4)[21]
Q: 8 (4,4)[14] -> (4,5)[22]
Q: 8 (2,5)[16] -> (3,5)[24]
Q: 9 (2,1)[11] -> (2,2)[20]
Q: 9 (5,1)[16] -> (6,1)[25]
Q: 9 (1,2)[11] -> (2,2)[20]

X10X X11X X12X X13X X14X 
X11X (20) X16X (17) X16X 
X12X (10) X18X (21) (24) 
X14X (10) X14X X14X (22) 
X16X X18X X20X X20X (25) 
(25) X24X X22X (10) (25) 
(26) X27X X28X (21) (25) 
Q: 1 (2,3)[16] -> (2,4)[17]
Q: 3 (3,3)[18] -> (3,4)[21]
Q: 4 (1,3)[12] -> (2,3)[16]
Q: 4 (2,3)[16] -> (2,2)[20]
Q: 4 (1,4)[13] -> (2,4)[17]
Q: 4 (4,3)[14] -> (3,3)[18]
Q: 5 (5,4)[20] -> (5,5)[25]
Q: 6 (6,3)[22] -> (7,3)[28]
Q: 6 (5,2)[18] -> (6,2)[24]
Q: 7 (4,4)[14] -> (3,4)[21]
Q: 8 (4,4)[14] -> (4,5)[22]
Q: 8 (2,5)[16] -> (3,5)[24]
Q: 9 (2,1)[11] -> (2,2)[20]
Q: 9 (5,1)[16] -> (6,1)[25]
Q: 9 (1,2)[11] -> (2,2)[20]

start = 17 (2,4)
4 (2,3) -> (2,4)
newPoint = 21 (3,4)
heightDiff = 4
Q: 1 (2,3)[16] -> (2,4)[17]
Q: 3 (3,3)[18] -> (3,4)[21]
Q: 4 (1,3)[12] -> (2,3)[16]
Q: 4 (2,3)[16] -> (2,2)[20]
Q: 4 (2,4)[17] -> (3,4)[21]
Q: 4 (1,4)[13] -> (2,4)[17]
Q: 4 (4,3)[14] -> (3,3)[18]
Q: 5 (5,4)[20] -> (5,5)[25]
Q: 6 (5,2)[18] -> (6,2)[24]
Q: 6 (6,3)[22] -> (7,3)[28]
Q: 7 (4,4)[14] -> (3,4)[21]
Q: 8 (4,4)[14] -> (4,5)[22]
Q: 8 (2,5)[16] -> (3,5)[24]
Q: 9 (2,1)[11] -> (2,2)[20]
Q: 9 (5,1)[16] -> (6,1)[25]
Q: 9 (1,2)[11] -> (2,2)[20]

X10X X11X X12X X13X X14X 
X11X (20) X16X X17X X16X 
X12X (10) X18X (21) (24) 
X14X (10) X14X X14X (22) 
X16X X18X X20X X20X (25) 
(25) X24X X22X (10) (25) 
(26) X27X X28X (21) (25) 
Q: 3 (3,3)[18] -> (3,4)[21]
Q: 4 (1,3)[12] -> (2,3)[16]
Q: 4 (2,3)[16] -> (2,2)[20]
Q: 4 (2,4)[17] -> (3,4)[21]
Q: 4 (1,4)[13] -> (2,4)[17]
Q: 4 (4,3)[14] -> (3,3)[18]
Q: 5 (5,4)[20] -> (5,5)[25]
Q: 6 (5,2)[18] -> (6,2)[24]
Q: 6 (6,3)[22] -> (7,3)[28]
Q: 7 (4,4)[14] -> (3,4)[21]
Q: 8 (4,4)[14] -> (4,5)[22]
Q: 8 (2,5)[16] -> (3,5)[24]
Q: 9 (2,1)[11] -> (2,2)[20]
Q: 9 (5,1)[16] -> (6,1)[25]
Q: 9 (1,2)[11] -> (2,2)[20]

start = 21 (3,4)
4 (3,3) -> (3,4)
newPoint = 24 (3,5)
heightDiff = 3
Q: 3 (3,3)[18] -> (3,4)[21]
Q: 3 (3,4)[21] -> (3,5)[24]
Q: 4 (1,3)[12] -> (2,3)[16]
Q: 4 (2,3)[16] -> (2,2)[20]
Q: 4 (2,4)[17] -> (3,4)[21]
Q: 4 (1,4)[13] -> (2,4)[17]
Q: 4 (4,3)[14] -> (3,3)[18]
Q: 5 (5,4)[20] -> (5,5)[25]
Q: 6 (5,2)[18] -> (6,2)[24]
Q: 6 (6,3)[22] -> (7,3)[28]
Q: 7 (4,4)[14] -> (3,4)[21]
Q: 8 (4,4)[14] -> (4,5)[22]
Q: 8 (2,5)[16] -> (3,5)[24]
Q: 9 (2,1)[11] -> (2,2)[20]
Q: 9 (5,1)[16] -> (6,1)[25]
Q: 9 (1,2)[11] -> (2,2)[20]

X10X X11X X12X X13X X14X 
X11X (20) X16X X17X X16X 
X12X (10) X18X X21X (24) 
X14X (10) X14X X14X (22) 
X16X X18X X20X X20X (25) 
(25) X24X X22X (10) (25) 
(26) X27X X28X (21) (25) 
Q: 3 (3,4)[21] -> (3,5)[24]
Q: 4 (1,3)[12] -> (2,3)[16]
Q: 4 (2,3)[16] -> (2,2)[20]
Q: 4 (2,4)[17] -> (3,4)[21]
Q: 4 (1,4)[13] -> (2,4)[17]
Q: 4 (4,3)[14] -> (3,3)[18]
Q: 5 (5,4)[20] -> (5,5)[25]
Q: 6 (5,2)[18] -> (6,2)[24]
Q: 6 (6,3)[22] -> (7,3)[28]
Q: 7 (4,4)[14] -> (3,4)[21]
Q: 8 (4,4)[14] -> (4,5)[22]
Q: 8 (2,5)[16] -> (3,5)[24]
Q: 9 (2,1)[11] -> (2,2)[20]
Q: 9 (5,1)[16] -> (6,1)[25]
Q: 9 (1,2)[11] -> (2,2)[20]

start = 24 (3,5)
4 (3,4) -> (3,5)
newPoint = 22 (4,5)
heightDiff = -2
Q: -2 (3,5)[24] -> (4,5)[22]
Q: 3 (3,4)[21] -> (3,5)[24]
Q: 4 (1,3)[12] -> (2,3)[16]
Q: 4 (2,3)[16] -> (2,2)[20]
Q: 4 (2,4)[17] -> (3,4)[21]
Q: 4 (1,4)[13] -> (2,4)[17]
Q: 4 (4,3)[14] -> (3,3)[18]
Q: 5 (5,4)[20] -> (5,5)[25]
Q: 6 (5,2)[18] -> (6,2)[24]
Q: 6 (6,3)[22] -> (7,3)[28]
Q: 7 (4,4)[14] -> (3,4)[21]
Q: 8 (4,4)[14] -> (4,5)[22]
Q: 8 (2,5)[16] -> (3,5)[24]
Q: 9 (2,1)[11] -> (2,2)[20]
Q: 9 (5,1)[16] -> (6,1)[25]
Q: 9 (1,2)[11] -> (2,2)[20]

X10X X11X X12X X13X X14X 
X11X (20) X16X X17X X16X 
X12X (10) X18X X21X X24X 
X14X (10) X14X X14X (22) 
X16X X18X X20X X20X (25) 
(25) X24X X22X (10) (25) 
(26) X27X X28X (21) (25) 
Q: 3 (3,4)[21] -> (3,5)[24]
Q: 4 (1,3)[12] -> (2,3)[16]
Q: 4 (2,3)[16] -> (2,2)[20]
Q: 4 (2,4)[17] -> (3,4)[21]
Q: 4 (1,4)[13] -> (2,4)[17]
Q: 4 (4,3)[14] -> (3,3)[18]
Q: 5 (5,4)[20] -> (5,5)[25]
Q: 6 (5,2)[18] -> (6,2)[24]
Q: 6 (6,3)[22] -> (7,3)[28]
Q: 7 (4,4)[14] -> (3,4)[21]
Q: 8 (4,4)[14] -> (4,5)[22]
Q: 8 (2,5)[16] -> (3,5)[24]
Q: 9 (2,1)[11] -> (2,2)[20]
Q: 9 (5,1)[16] -> (6,1)[25]
Q: 9 (1,2)[11] -> (2,2)[20]

start = 20 (2,2)
4 (2,3) -> (2,2)
newPoint = 10 (3,2)
heightDiff = -10
Q: -10 (2,2)[20] -> (3,2)[10]
Q: 4 (2,4)[17] -> (3,4)[21]
Q: 4 (4,3)[14] -> (3,3)[18]
Q: 4 (2,3)[16] -> (2,2)[20]
Q: 4 (1,4)[13] -> (2,4)[17]
Q: 5 (5,4)[20] -> (5,5)[25]
Q: 6 (5,2)[18] -> (6,2)[24]
Q: 6 (6,3)[22] -> (7,3)[28]
Q: 7 (4,4)[14] -> (3,4)[21]
Q: 8 (4,4)[14] -> (4,5)[22]
Q: 8 (2,5)[16] -> (3,5)[24]
Q: 9 (2,1)[11] -> (2,2)[20]
Q: 9 (5,1)[16] -> (6,1)[25]
Q: 9 (1,2)[11] -> (2,2)[20]

X10X X11X X12X X13X X14X 
X11X X20X X16X X17X X16X 
X12X (10) X18X X21X X24X 
X14X (10) X14X X14X (22) 
X16X X18X X20X X20X (25) 
(25) X24X X22X (10) (25) 
(26) X27X X28X (21) (25) 
Q: 4 (2,4)[17] -> (3,4)[21]
Q: 4 (4,3)[14] -> (3,3)[18]
Q: 4 (2,3)[16] -> (2,2)[20]
Q: 4 (1,4)[13] -> (2,4)[17]
Q: 5 (5,4)[20] -> (5,5)[25]
Q: 6 (5,2)[18] -> (6,2)[24]
Q: 6 (6,3)[22] -> (7,3)[28]
Q: 7 (4,4)[14] -> (3,4)[21]
Q: 8 (4,4)[14] -> (4,5)[22]
Q: 8 (2,5)[16] -> (3,5)[24]
Q: 9 (2,1)[11] -> (2,2)[20]
Q: 9 (5,1)[16] -> (6,1)[25]
Q: 9 (1,2)[11] -> (2,2)[20]

start = 25 (5,5)
5 (5,4) -> (5,5)
newPoint = 25 (6,5)
heightDiff = 0
Q: 0 (5,5)[25] -> (6,5)[25]
Q: 5 (5,4)[20] -> (5,5)[25]
Q: 6 (5,2)[18] -> (6,2)[24]
Q: 6 (6,3)[22] -> (7,3)[28]
Q: 7 (4,4)[14] -> (3,4)[21]
Q: 8 (4,4)[14] -> (4,5)[22]
Q: 8 (2,5)[16] -> (3,5)[24]
Q: 9 (2,1)[11] -> (2,2)[20]
Q: 9 (5,1)[16] -> (6,1)[25]
Q: 9 (1,2)[11] -> (2,2)[20]

newPoint = 22 (4,5)
heightDiff = -3
Q: -3 (5,5)[25] -> (4,5)[22]
Q: 0 (5,5)[25] -> (6,5)[25]
Q: 5 (5,4)[20] -> (5,5)[25]
Q: 6 (6,3)[22] -> (7,3)[28]
Q: 6 (5,2)[18] -> (6,2)[24]
Q: 7 (4,4)[14] -> (3,4)[21]
Q: 8 (4,4)[14] -> (4,5)[22]
Q: 8 (2,5)[16] -> (3,5)[24]
Q: 9 (2,1)[11] -> (2,2)[20]
Q: 9 (5,1)[16] -> (6,1)[25]
Q: 9 (1,2)[11] -> (2,2)[20]

X10X X11X X12X X13X X14X 
X11X X20X X16X X17X X16X 
X12X (10) X18X X21X X24X 
X14X (10) X14X X14X (22) 
X16X X18X X20X X20X X25X 
(25) X24X X22X (10) (25) 
(26) X27X X28X (21) (25) 
Q: 0 (5,5)[25] -> (6,5)[25]
Q: 5 (5,4)[20] -> (5,5)[25]
Q: 6 (6,3)[22] -> (7,3)[28]
Q: 6 (5,2)[18] -> (6,2)[24]
Q: 7 (4,4)[14] -> (3,4)[21]
Q: 8 (4,4)[14] -> (4,5)[22]
Q: 8 (2,5)[16] -> (3,5)[24]
Q: 9 (2,1)[11] -> (2,2)[20]
Q: 9 (5,1)[16] -> (6,1)[25]
Q: 9 (1,2)[11] -> (2,2)[20]

start = 25 (6,5)
5 (5,5) -> (6,5)
newPoint = 10 (6,4)
heightDiff = -15
Q: -15 (6,5)[25] -> (6,4)[10]
Q: 0 (5,5)[25] -> (6,5)[25]
Q: 5 (5,4)[20] -> (5,5)[25]
Q: 6 (5,2)[18] -> (6,2)[24]
Q: 6 (6,3)[22] -> (7,3)[28]
Q: 7 (4,4)[14] -> (3,4)[21]
Q: 8 (4,4)[14] -> (4,5)[22]
Q: 8 (2,5)[16] -> (3,5)[24]
Q: 9 (2,1)[11] -> (2,2)[20]
Q: 9 (5,1)[16] -> (6,1)[25]
Q: 9 (1,2)[11] -> (2,2)[20]

newPoint = 25 (7,5)
heightDiff = 0
Q: -15 (6,5)[25] -> (6,4)[10]
Q: 0 (5,5)[25] -> (6,5)[25]
Q: 0 (6,5)[25] -> (7,5)[25]
Q: 5 (5,4)[20] -> (5,5)[25]
Q: 6 (5,2)[18] -> (6,2)[24]
Q: 6 (6,3)[22] -> (7,3)[28]
Q: 7 (4,4)[14] -> (3,4)[21]
Q: 8 (4,4)[14] -> (4,5)[22]
Q: 8 (2,5)[16] -> (3,5)[24]
Q: 9 (2,1)[11] -> (2,2)[20]
Q: 9 (1,2)[11] -> (2,2)[20]
Q: 9 (5,1)[16] -> (6,1)[25]

X10X X11X X12X X13X X14X 
X11X X20X X16X X17X X16X 
X12X (10) X18X X21X X24X 
X14X (10) X14X X14X (22) 
X16X X18X X20X X20X X25X 
(25) X24X X22X (10) X25X 
(26) X27X X28X (21) (25) 
Q: 0 (5,5)[25] -> (6,5)[25]
Q: 0 (6,5)[25] -> (7,5)[25]
Q: 5 (5,4)[20] -> (5,5)[25]
Q: 6 (5,2)[18] -> (6,2)[24]
Q: 6 (6,3)[22] -> (7,3)[28]
Q: 7 (4,4)[14] -> (3,4)[21]
Q: 8 (4,4)[14] -> (4,5)[22]
Q: 8 (2,5)[16] -> (3,5)[24]
Q: 9 (2,1)[11] -> (2,2)[20]
Q: 9 (1,2)[11] -> (2,2)[20]
Q: 9 (5,1)[16] -> (6,1)[25]

start = 25 (7,5)
5 (6,5) -> (7,5)
5
