200
20 100000000 1000000000 0 0
20 100000000 59 59 59
30 20 33 30 0
40 200 120 0 0
20 100000000 1000000000 0 0
20 100000000 59 59 59
30 20 33 30 0
40 200 120 0 0
20 100000000 1000000000 0 0
20 100000000 59 59 59
30 20 33 30 0
40 200 120 0 0
20 100000000 1000000000 0 0
20 100000000 59 59 59
30 20 33 30 0
40 200 120 0 0
20 100000000 1000000000 0 0
20 100000000 59 59 59
30 20 33 30 0
40 200 120 0 0
20 100000000 1000000000 0 0
20 100000000 59 59 59
30 20 33 30 0
40 200 120 0 0
20 100000000 1000000000 0 0
20 100000000 59 59 59
30 20 33 30 0
40 200 120 0 0
20 100000000 1000000000 0 0
20 100000000 59 59 59
30 20 33 30 0
40 200 120 0 0
20 100000000 1000000000 0 0
20 100000000 59 59 59
30 20 33 30 0
40 200 120 0 0
20 100000000 1000000000 0 0
20 100000000 59 59 59
30 20 33 30 0
40 200 120 0 0
20 100000000 1000000000 0 0
20 100000000 59 59 59
30 20 33 30 0
40 200 120 0 0
20 100000000 1000000000 0 0
20 100000000 59 59 59
30 20 33 30 0
40 200 120 0 0
20 100000000 1000000000 0 0
20 100000000 59 59 59
30 20 33 30 0
40 200 120 0 0
20 100000000 1000000000 0 0
20 100000000 59 59 59
30 20 33 30 0
40 200 120 0 0
20 100000000 1000000000 0 0
20 100000000 59 59 59
30 20 33 30 0
40 200 120 0 0
20 100000000 1000000000 0 0
20 100000000 59 59 59
30 20 33 30 0
40 200 120 0 0
20 100000000 1000000000 0 0
20 100000000 59 59 59
30 20 33 30 0
40 200 120 0 0
20 100000000 1000000000 0 0
20 100000000 59 59 59
30 20 33 30 0
40 200 120 0 0
20 100000000 1000000000 0 0
20 100000000 59 59 59
30 20 33 30 0
40 200 120 0 0
20 100000000 1000000000 0 0
20 100000000 59 59 59
30 20 33 30 0
40 200 120 0 0
20 100000000 1000000000 0 0
20 100000000 59 59 59
30 20 33 30 0
40 200 120 0 0
20 100000000 1000000000 0 0
20 100000000 59 59 59
30 20 33 30 0
40 200 120 0 0
20 100000000 1000000000 0 0
20 100000000 59 59 59
30 20 33 30 0
40 200 120 0 0
20 100000000 1000000000 0 0
20 100000000 59 59 59
30 20 33 30 0
40 200 120 0 0
20 100000000 1000000000 0 0
20 100000000 59 59 59
30 20 33 30 0
40 200 120 0 0
20 100000000 1000000000 0 0
20 100000000 59 59 59
30 20 33 30 0
40 200 120 0 0
20 100000000 1000000000 0 0
20 100000000 59 59 59
30 20 33 30 0
40 200 120 0 0
20 100000000 1000000000 0 0
20 100000000 59 59 59
30 20 33 30 0
40 200 120 0 0
20 100000000 1000000000 0 0
20 100000000 59 59 59
30 20 33 30 0
40 200 120 0 0
20 100000000 1000000000 0 0
20 100000000 59 59 59
30 20 33 30 0
40 200 120 0 0
20 100000000 1000000000 0 0
20 100000000 59 59 59
30 20 33 30 0
40 200 120 0 0
20 100000000 1000000000 0 0
20 100000000 59 59 59
30 20 33 30 0
40 200 120 0 0
20 100000000 1000000000 0 0
20 100000000 59 59 59
30 20 33 30 0
40 200 120 0 0
20 100000000 1000000000 0 0
20 100000000 59 59 59
30 20 33 30 0
40 200 120 0 0
20 100000000 1000000000 0 0
20 100000000 59 59 59
30 20 33 30 0
40 200 120 0 0
20 100000000 1000000000 0 0
20 100000000 59 59 59
30 20 33 30 0
40 200 120 0 0
20 100000000 1000000000 0 0
20 100000000 59 59 59
30 20 33 30 0
40 200 120 0 0
20 100000000 1000000000 0 0
20 100000000 59 59 59
30 20 33 30 0
40 200 120 0 0
20 100000000 1000000000 0 0
20 100000000 59 59 59
30 20 33 30 0
40 200 120 0 0
20 100000000 1000000000 0 0
20 100000000 59 59 59
30 20 33 30 0
40 200 120 0 0
20 100000000 1000000000 0 0
20 100000000 59 59 59
30 20 33 30 0
40 200 120 0 0
20 100000000 1000000000 0 0
20 100000000 59 59 59
30 20 33 30 0
40 200 120 0 0
20 100000000 1000000000 0 0
20 100000000 59 59 59
30 20 33 30 0
40 200 120 0 0
20 100000000 1000000000 0 0
20 100000000 59 59 59
30 20 33 30 0
40 200 120 0 0
20 100000000 1000000000 0 0
20 100000000 59 59 59
30 20 33 30 0
40 200 120 0 0
20 100000000 1000000000 0 0
20 100000000 59 59 59
30 20 33 30 0
40 200 120 0 0
20 100000000 1000000000 0 0
20 100000000 59 59 59
30 20 33 30 0
40 200 120 0 0
20 100000000 1000000000 0 0
20 100000000 59 59 59
30 20 33 30 0
40 200 120 0 0
20 100000000 1000000000 0 0
20 100000000 59 59 59
30 20 33 30 0
40 200 120 0 0
20 100000000 1000000000 0 0
20 100000000 59 59 59
30 20 33 30 0
40 200 120 0 0

